 bisection iteration 

iteration	f(Xn)	root	epsilon	error
0 0.00126655249201 3.25 3.25 0.10840734641
1 4.56759674127e-06 3.125 0.125 0.0165926535898
2 9.66471169165e-05 3.1875 0.0625 0.0459073464102
3 3.14861387091e-06 3.15625 0.03125 0.0146573464102
4 9.06065372207e-10 3.140625 0.015625 0.000967653589793
5 3.20686700215e-07 3.1484375 0.0078125 0.00684484641021
6 2.53756956027e-08 3.14453125 0.00390625 0.00293859641021
7 9.57043938972e-10 3.142578125 0.001953125 0.000985471410207
8 7.07088452873e-16 3.1416015625 0.0009765625 8.90891020688e-06
9 1.10158715659e-10 3.14111328125 0.00048828125 0.000479372339793
10 1.30163018534e-11 3.14135742188 0.000244140625 0.000235231714793
11 1.44908866376e-12 3.14147949219 0.0001220703125 0.000113161402293
12 1.4163459606e-13 3.14154052734 6.103515625e-05 5.21262460431e-05
13 1.00898331787e-14 3.14157104492 3.0517578125e-05 2.16086679181e-05
14 2.56033220756e-16 3.14158630371 1.52587890625e-05 6.34987885562e-06
15 2.09477234891e-18 3.14159393311 7.62939453125e-06 1.27951567563e-06
16 1.62939814425e-17 3.14159011841 3.81469726562e-06 2.53518158999e-06
17 2.47475567662e-19 3.14159202576 1.90734863281e-06 6.27832957178e-07
18 3.45954214501e-20 3.14159297943 9.53674316406e-07 3.25841359228e-07
19 3.44266365368e-21 3.14159250259 4.76837158203e-07 1.50995798975e-07
20 6.68149793019e-22 3.14159274101 2.38418579102e-07 8.74227801262e-08
21 3.21165231027e-23 3.1415926218 1.19209289551e-07 3.17865094246e-08
22 2.15270263247e-23 3.14159268141 5.96046447754e-08 2.78181353508e-08
23 7.81174223397e-27 3.14159265161 2.98023223877e-08 1.9841870369e-09
24 2.15517410229e-24 3.14159266651 1.49011611938e-08 1.2916974157e-08
25 1.63343801621e-25 3.14159265906 7.45058059692e-09 5.46639356003e-09
26 5.27804994547e-27 3.14159265533 3.72529029846e-09 1.74110326157e-09
27 1.79547451049e-30 3.14159265347 1.86264514923e-09 1.21541887665e-10
28 5.31009202075e-28 3.1415926544 9.31322574615e-10 8.0978068695e-10
29 4.07499430363e-29 3.14159265393 4.65661287308e-10 3.44119399642e-10
30 1.37832752698e-30 3.1415926537 2.32830643654e-10 1.11288755988e-10
31 1.3474440497e-34 3.14159265358 1.16415321827e-10 5.12656583851e-12
32 1.49560399211e-31 3.14159265364 5.82076609135e-11 5.3081095075e-11
33 1.3784539248e-32 3.14159265361 2.91038304567e-11 2.39772646182e-11
34 8.37289115797e-34 3.1415926536 1.45519152284e-11 9.42534938986e-12
35 9.92824561352e-36 3.14159265359 7.27595761418e-12 2.14939177567e-12
36 3.29936129905e-36 3.14159265359 3.63797880709e-12 1.48858703142e-12
37 3.60285233501e-38 3.14159265359 1.81898940355e-12 3.30402372128e-13
38 1.94320642742e-37 3.14159265359 9.09494701773e-13 5.79092329644e-13
39 1.9282676163e-39 3.14159265359 4.54747350886e-13 1.24344978758e-13
40 1.08974536207e-39 3.14159265359 2.27373675443e-13 1.03028696685e-13
41 1.25293773184e-42 3.14159265359 1.13686837722e-13 1.06581410364e-14
42 9.77352825668e-41 3.14159265359 5.68434188608e-14 4.61852778244e-14
43 5.49006213528e-42 3.14159265359 2.84217094304e-14 1.7763568394e-14
44 4.0362395979e-44 3.14159265359 1.42108547152e-14 3.5527136788e-15
45 4.96403987635e-44 3.14159265359 7.1054273576e-15 3.5527136788e-15
46 1.83667601733e-48 3.14159265359 3.5527136788e-15 0.0
47 4.52398925864e-45 3.14159265359 1.7763568394e-15 1.7763568394e-15
48 4.4895138959e-46 3.14159265359 8.881784197e-16 8.881784197e-16

 ragular falsi iteration 

iteration	f(Xn)	root	epsilon	error
0 0.00136023918966 3.0305650254 0.0305650254048 0.111027628185
1 0.000899621548402 3.04490668082 3.0305650254 0.0966859727718
2 0.000664956354206 3.05419816814 0.0143416554133 0.0873944854527
3 0.000522506815415 3.0609617851 0.0143416554133 0.0806308684899
4 0.000427100349292 3.06621290731 0.00929148731906 0.0753797462842
5 0.000358963658324 3.0704631516 0.00929148731906 0.0711295019875
6 0.000308030064692 3.07400587813 0.00676361696276 0.0675867754588
7 0.00026862846047 3.07702438369 0.00676361696276 0.0645682699046
8 0.000237320781036 3.07964049629 0.00525112220576 0.0619521572951
9 0.000211902822472 3.08193907241 0.00525112220576 0.0596535811822
10 0.000190897555087 3.08398143568 0.00425024429665 0.0576112179066
11 0.000173279043126 3.08581324437 0.00425024429665 0.0557794092206
12 0.000158313130661 3.08746934153 0.00354272652871 0.0541233120645
13 0.00014546108188 3.0889768742 0.00354272652871 0.0526157793852
14 0.000134318961975 3.0903573713 0.00301850555422 0.0512352822871
15 0.000124578206996 3.09162816966 0.00301850555422 0.0499644839323
16 0.000115999227949 3.09280341825 0.00261611260952 0.0487892353393
17 0.000108393292444 3.09389480126 0.00261611260952 0.0476978523305
18 0.0001016098113 3.09491206895 0.00229857611288 0.0466805846359
19 9.5527241958e-05 3.09586343431 0.00229857611288 0.0457292192816
20 9.00464653401e-05 3.0967558739 0.00204236327558 0.0448367796889
21 8.5085887516e-05 3.09759535938 0.00204236327558 0.0439972942055
22 8.05777653511e-05 3.09838703778 0.00183180868597 0.0432056158071
23 7.64654146315e-05 3.09913537353 0.00183180868597 0.0424572800559
24 7.27010636818e-05 3.09984426155 0.00165609715616 0.0417483920351
25 6.92441853944e-05 3.1005171181 0.00165609715616 0.0410755354926
26 6.60601881508e-05 3.1011569544 0.00150753267928 0.0404356991936
27 6.31193789881e-05 3.10176643685 0.00150753267928 0.0398262167413
28 6.03961354179e-05 3.10234793655 0.00138049709814 0.0392447170372
29 5.78682386923e-05 3.10290357037 0.00138049709814 0.0386890832165
30 5.55163331029e-05 3.1034352352 0.00127079835471 0.0381574183912
31 5.33234844832e-05 3.10394463669 0.00127079835471 0.0376480168999
32 5.12748174013e-05 3.10443331355 0.00117524859301 0.0371593400441
33 4.93572152248e-05 3.10490265809 0.00117524859301 0.0366899955034
34 4.75590707613e-05 3.10535393381 0.00109138300886 0.0362387197842
35 4.58700778425e-05 3.1057882904 0.00109138300886 0.035804363188
36 4.42810562561e-05 3.10620677671 0.00101726769454 0.0353858768777
37 4.27838039914e-05 3.10661035188 0.00101726769454 0.0349823017066
38 4.13709719778e-05 3.10699989506 0.000951365354298 0.034592758529
39 4.00359574403e-05 3.10737621382 0.000951365354298 0.0342164397668
40 3.87728127391e-05 3.10774005155 0.000892439592707 0.0338526020429
41 3.75761671451e-05 3.10809209387 0.000892439592707 0.0335005597242
42 3.64411594713e-05 3.10843297434 0.00083948548342 0.0331596792451
43 3.53633798514e-05 3.10876327949 0.00083948548342 0.0328293741013
44 3.43388192566e-05 3.10908355317 0.000791678398387 0.032509100422
45 3.33638255833e-05 3.10939430055 0.000791678398387 0.0321983530431
46 3.24350653406e-05 3.10969599157 0.000748335751184 0.0318966620157
47 3.15494901268e-05 3.1099890641 0.000748335751184 0.0316035894933
48 3.07043072145e-05 3.11027392664 0.000708888020811 0.0313187269501

 secant method 

iteration	f(Xn)	root	epsilon	error
0 0.00136023918966 3.0305650254 3.0305650254 0.111027628185
1 0.000899621548402 3.04490668082 0.0143416554133 0.0966859727718
2 0.000664956354206 3.05419816814 0.00929148731906 0.0873944854527
3 0.000522506815415 3.0609617851 0.00676361696276 0.0806308684899
4 0.000427100349292 3.06621290731 0.00525112220576 0.0753797462842
5 0.000358963658324 3.0704631516 0.00425024429665 0.0711295019875
6 0.000308030064692 3.07400587813 0.00354272652871 0.0675867754588
7 0.00026862846047 3.07702438369 0.00301850555422 0.0645682699046
8 0.000237320781036 3.07964049629 0.00261611260952 0.0619521572951
9 0.000211902822472 3.08193907241 0.00229857611288 0.0596535811822
10 0.000190897555087 3.08398143568 0.00204236327558 0.0576112179066
11 0.000173279043126 3.08581324437 0.00183180868597 0.0557794092206
12 0.000158313130661 3.08746934153 0.00165609715616 0.0541233120645
13 0.00014546108188 3.0889768742 0.00150753267928 0.0526157793852
14 0.000134318961975 3.0903573713 0.00138049709814 0.0512352822871
15 0.000124578206996 3.09162816966 0.00127079835471 0.0499644839323
16 0.000115999227949 3.09280341825 0.00117524859301 0.0487892353393
17 0.000108393292444 3.09389480126 0.00109138300886 0.0476978523305
18 0.0001016098113 3.09491206895 0.00101726769454 0.0466805846359
19 9.5527241958e-05 3.09586343431 0.000951365354298 0.0457292192816
20 9.00464653401e-05 3.0967558739 0.000892439592707 0.0448367796889
21 8.5085887516e-05 3.09759535938 0.00083948548342 0.0439972942055
22 8.05777653511e-05 3.09838703778 0.000791678398387 0.0432056158071
23 7.64654146315e-05 3.09913537353 0.000748335751184 0.0424572800559
24 7.27010636818e-05 3.09984426155 0.000708888020811 0.0417483920351
25 6.92441853944e-05 3.1005171181 0.000672856542522 0.0410755354926
26 6.60601881508e-05 3.1011569544 0.000639836299057 0.0404356991936
27 6.31193789881e-05 3.10176643685 0.000609482452245 0.0398262167413
28 6.03961354179e-05 3.10234793655 0.000581499704099 0.0392447170372
29 5.78682386923e-05 3.10290357037 0.000555633820708 0.0386890832165
30 5.55163331029e-05 3.1034352352 0.000531664825329 0.0381574183912
31 5.33234844832e-05 3.10394463669 0.000509401491314 0.0376480168999
32 5.12748174013e-05 3.10443331355 0.000488676855732 0.0371593400441
33 4.93572152248e-05 3.10490265809 0.000469344540777 0.0366899955034
34 4.75590707613e-05 3.10535393381 0.000451275719135 0.0362387197842
35 4.58700778425e-05 3.1057882904 0.000434356596256 0.035804363188
36 4.42810562561e-05 3.10620677671 0.000418486310233 0.0353858768777
37 4.27838039914e-05 3.10661035188 0.000403575171102 0.0349823017066
38 4.13709719778e-05 3.10699989506 0.000389543177629 0.034592758529
39 4.00359574403e-05 3.10737621382 0.000376318762166 0.0342164397668
40 3.87728127391e-05 3.10774005155 0.00036383772393 0.0338526020429
41 3.75761671451e-05 3.10809209387 0.000352042318713 0.0335005597242
42 3.64411594713e-05 3.10843297434 0.000340880479067 0.0331596792451
43 3.53633798514e-05 3.10876327949 0.00033030514378 0.0328293741013
44 3.43388192566e-05 3.10908355317 0.000320273679312 0.032509100422
45 3.33638255833e-05 3.10939430055 0.000310747378884 0.0321983530431
46 3.24350653406e-05 3.10969599157 0.000301691027415 0.0318966620157
47 3.15494901268e-05 3.1099890641 0.000293072522481 0.0316035894933
48 3.07043072145e-05 3.11027392664 0.000284862543128 0.0313187269501

 newton method 

iteration	f(Xn)	root	epsilon	error
0 0.000828953038417 3.04751551069 0.0475155106852 0.0940771429046
1 0.00024513016029 3.07896739987 0.031451889182 0.0626252537226
2 7.25677306508e-05 3.09986981405 0.0209024141852 0.0417228395374
3 2.14932258194e-05 3.11378550202 0.0139156879665 0.027807151571
4 6.36726903667e-06 3.12305694176 0.00927143973641 0.0185357118346
5 1.88645443749e-06 3.12923621946 0.00617927770634 0.0123564341282
6 5.58930555782e-07 3.13335524018 0.00411902071997 0.00823741340826
7 1.65606572272e-07 3.13610110658 0.00274586639969 0.00549154700857
8 4.90682902049e-08 3.13793164053 0.00183053394538 0.00366101306319
9 1.45387104745e-08 3.1391519836 0.00122034307691 0.00244066998629
10 4.30776062392e-09 3.13996554185 0.000813558244804 0.00162711174148
11 1.27637281114e-09 3.1405079129 0.000542371046707 0.00108474069477
12 3.78184431635e-10 3.14086949327 0.000361580377306 0.000723160317469
13 1.12054624121e-10 3.14111054677 0.000241053494468 0.000482106823001
14 3.32013621909e-11 3.14127124907 0.000160702306804 0.000321404516198
15 9.83743704869e-12 3.14137838394 0.000107134866923 0.000214269649275
16 2.91479445484e-12 3.14144980719 7.14232449295e-05 0.000142846404346
17 8.63641997816e-13 3.14149742268 4.76154978326e-05 9.5230906513e-05
18 2.55893553476e-13 3.14152916635 3.17436663058e-05 6.34872402072e-05
19 7.58201423393e-14 3.14155032879 2.11624450142e-05 4.23247951931e-05
20 2.24651505227e-14 3.14156443709 1.41082972385e-05 2.82164979546e-05
21 6.65630633556e-15 3.14157384262 9.40553187556e-06 1.8810966079e-05
22 1.97222343216e-15 3.14158011298 6.27035484158e-06 1.25406112375e-05
23 5.84355581286e-16 3.14158429322 4.18023673365e-06 8.3603745038e-06
24 1.7313930945e-16 3.14158708004 2.78682460442e-06 5.57354989938e-06
25 5.12991618569e-17 3.14158893792 1.85788314644e-06 3.71566675295e-06
26 1.51991399343e-17 3.14159017651 1.23858881595e-06 2.47707793699e-06
27 4.50317671893e-18 3.14159100224 8.25725911646e-07 1.65135202534e-06
28 1.33415354974e-18 3.14159155272 5.5048396419e-07 1.10086806115e-06
29 3.95250940741e-19 3.14159191971 3.66989325595e-07 7.33878735559e-07
30 1.1708746693e-19 3.14159216437 2.44659561499e-07 4.8921917406e-07
31 3.46819495511e-20 3.14159232748 1.63106382622e-07 3.26112791438e-07
32 1.02714075983e-20 3.14159243621 1.08737594928e-07 2.1737519651e-07
33 3.04128014707e-21 3.14159250871 7.24917366135e-08 1.44883459896e-07
34 9.0018710065e-22 3.14159255703 4.83278315144e-08 9.65556283816e-08
35 2.66307708306e-22 3.14159258925 3.22185633728e-08 6.43370650089e-08
36 7.87219826831e-23 3.14159261073 2.1479054535e-08 4.28580104739e-08
37 2.32433675452e-23 3.14159262505 1.43193874536e-08 2.85386230203e-08
38 6.85070545071e-24 3.1415926346 9.54628509575e-09 1.89923379246e-08
39 2.01379338442e-24 3.14159264096 6.36422958777e-09 1.26281083368e-08
40 5.89582879843e-25 3.1415926452 4.24287893708e-09 8.38522939972e-09
41 1.71560147537e-25 3.14159264803 2.82867640422e-09 5.5565529955e-09
42 4.94564012382e-26 3.14159264992 1.88592119699e-09 3.67063179851e-09
43 1.40523207033e-26 3.14159265118 1.25749100022e-09 2.4131407983e-09
44 3.90317038877e-27 3.14159265202 8.38653591018e-10 1.57448720728e-09
45 1.04527005066e-27 3.14159265257 5.59619461882e-10 1.0148677454e-09
46 2.6330607994e-28 3.14159265295 3.73923558783e-10 6.40944186614e-10
47 5.94155786149e-29 3.1415926532 2.50732767881e-10 3.90211418733e-10
48 1.06949028765e-29 3.14159265337 1.69888991763e-10 2.20322426969e-10